[threshold   prec   recall   accuracy   auc] 
[  1.51256  38.      100.       38.043     0.689  ] 
[ 1.46256 37.      94.203   37.5      0.435  ] 
[ 1.41256 37.      69.565   44.022    0.49   ] 
[ 1.36256 58.      30.435   65.761    0.63   ] 
[ 1.31256 60.      26.087   65.761    0.634  ] 
[ 1.26256 50.      15.942   62.5      0.571  ] 
[ 1.21256 42.      11.594   60.87     0.526  ] 
[ 1.16256 38.       8.696   60.326    0.5    ] 
[ 1.01256 27.       4.348   59.783    0.446  ] 
[ 1.06256 27.       4.348   59.783    0.446  ] 
[ 1.11256 27.       4.348   59.783    0.446  ] 
[ 0.86256 33.       2.899   61.413    0.478  ] 
[ 0.91256 22.       2.899   59.783    0.42   ] 
[ 0.96256 20.       2.899   59.239    0.407  ] 
[ 0.76256 25.       1.449   61.413    0.436  ] 
[ 0.81256 25.       1.449   61.413    0.436  ] 
[ 0.31256  0.       0.      61.957    0.311  ] 
[ 0.36256  0.       0.      61.957    0.311  ] 
[ 0.41256  0.       0.      61.957    0.311  ] 
[ 0.46256  0.       0.      61.957    0.311  ] 
[ 0.51256  0.       0.      61.957    0.311  ] 
[ 0.56256  0.       0.      61.957    0.311  ] 
[ 0.61256  0.       0.      61.413    0.31   ] 
[ 0.66256  0.       0.      60.87     0.309  ] 
[ 0.71256  0.       0.      60.87     0.309  ] 
