[threshold   prec   recall   accuracy   auc] 
[  1.47756  38.      100.       39.13      0.691  ] 
[  1.48256  38.      100.       39.13      0.691  ] 
[  1.48756  38.      100.       39.13      0.691  ] 
[  1.49256  38.      100.       39.13      0.691  ] 
[  1.49756  38.      100.       38.587     0.69   ] 
[  1.50256  38.      100.       38.587     0.69   ] 
[  1.50756  38.      100.       38.043     0.689  ] 
[  1.51256  38.      100.       38.043     0.689  ] 
[  1.51756  38.      100.       38.043     0.689  ] 
[  1.52256  38.      100.       38.043     0.689  ] 
[  1.52756  38.      100.       38.043     0.689  ] 
[  1.53256  38.      100.       38.043     0.689  ] 
[  1.53756  38.      100.       38.043     0.689  ] 
[ 1.47256 38.      97.101   38.587    0.522  ] 
[ 1.46256 37.      94.203   37.5      0.435  ] 
[ 1.46756 37.      94.203   37.5      0.435  ] 
[ 1.44756 36.      85.507   38.587    0.455  ] 
[ 1.45256 35.      85.507   34.239    0.316  ] 
[ 1.45756 35.      85.507   34.239    0.316  ] 
[ 1.44256 38.      84.058   43.478    0.525  ] 
[ 1.43756 40.      82.609   46.196    0.548  ] 
[ 1.42256 39.      75.362   45.652    0.519  ] 
[ 1.42756 38.      75.362   45.109    0.514  ] 
[ 1.43256 38.      75.362   45.109    0.514  ] 
[ 1.41756 38.      72.464   45.109    0.507  ] 
[ 1.40756 38.      69.565   46.196    0.509  ] 
[ 1.41256 37.      69.565   44.022    0.49   ] 
[ 1.39756 39.      63.768   48.913    0.519  ] 
[ 1.40256 38.      63.768   46.739    0.501  ] 
[ 1.39256 38.      60.87    47.826    0.504  ] 
[ 1.38756 38.      59.42    48.913    0.51   ] 
[ 1.37756 42.      57.971   54.348    0.548  ] 
[ 1.38256 40.      57.971   51.087    0.523  ] 
[ 1.37256 46.      53.623   58.696    0.573  ] 
[ 1.35256 62.      30.435   66.848    0.649  ] 
[ 1.35756 60.      30.435   66.304    0.639  ] 
[ 1.36256 58.      30.435   65.761    0.63   ] 
[ 1.36756 58.      30.435   65.761    0.63   ] 
[ 1.33756 62.      28.986   66.848    0.651  ] 
[ 1.34256 62.      28.986   66.848    0.651  ] 
[ 1.34756 62.      28.986   66.848    0.651  ] 
[ 1.32256 61.      27.536   66.304    0.643  ] 
[ 1.32756 61.      27.536   66.304    0.643  ] 
[ 1.33256 61.      27.536   66.304    0.643  ] 
[ 1.28756 60.      26.087   65.761    0.634  ] 
[ 1.29256 60.      26.087   65.761    0.634  ] 
[ 1.29756 60.      26.087   65.761    0.634  ] 
[ 1.30256 60.      26.087   65.761    0.634  ] 
[ 1.30756 60.      26.087   65.761    0.634  ] 
[ 1.31256 60.      26.087   65.761    0.634  ] 
[ 1.31756 60.      26.087   65.761    0.634  ] 
[ 1.28256 56.      20.29    64.13     0.607  ] 
[ 1.23756 50.      15.942   62.5      0.571  ] 
[ 1.24256 50.      15.942   62.5      0.571  ] 
[ 1.24756 50.      15.942   62.5      0.571  ] 
[ 1.25256 50.      15.942   62.5      0.571  ] 
[ 1.25756 50.      15.942   62.5      0.571  ] 
[ 1.26256 50.      15.942   62.5      0.571  ] 
[ 1.26756 50.      15.942   62.5      0.571  ] 
[ 1.27256 50.      15.942   62.5      0.571  ] 
[ 1.27756 50.      15.942   62.5      0.571  ] 
[ 1.23256 48.      14.493   61.957    0.557  ] 
[ 1.21756 45.      13.043   61.413    0.542  ] 
[ 1.22256 45.      13.043   61.413    0.542  ] 
[ 1.22756 45.      13.043   61.413    0.542  ] 
[ 1.21256 42.      11.594   60.87     0.526  ] 
[ 1.16756 39.      10.145   60.326    0.508  ] 
[ 1.17256 39.      10.145   60.326    0.508  ] 
[ 1.17756 39.      10.145   60.326    0.508  ] 
[ 1.18256 39.      10.145   60.326    0.508  ] 
[ 1.18756 39.      10.145   60.326    0.508  ] 
[ 1.19256 39.      10.145   60.326    0.508  ] 
[ 1.19756 39.      10.145   60.326    0.508  ] 
[ 1.20256 39.      10.145   60.326    0.508  ] 
[ 1.20756 39.      10.145   60.326    0.508  ] 
[ 1.12756 43.       8.696   61.413    0.529  ] 
[ 1.13256 40.       8.696   60.87     0.514  ] 
[ 1.13756 40.       8.696   60.87     0.514  ] 
[ 1.14256 40.       8.696   60.87     0.514  ] 
[ 1.14756 40.       8.696   60.87     0.514  ] 
[ 1.15256 40.       8.696   60.87     0.514  ] 
[ 1.15756 40.       8.696   60.87     0.514  ] 
[ 1.16256 38.       8.696   60.326    0.5    ] 
[ 1.00256 27.       4.348   59.783    0.446  ] 
[ 1.00756 27.       4.348   59.783    0.446  ] 
[ 1.01256 27.       4.348   59.783    0.446  ] 
[ 1.01756 27.       4.348   59.783    0.446  ] 
[ 1.02256 27.       4.348   59.783    0.446  ] 
[ 1.02756 27.       4.348   59.783    0.446  ] 
[ 1.03256 27.       4.348   59.783    0.446  ] 
[ 1.03756 27.       4.348   59.783    0.446  ] 
[ 1.04256 27.       4.348   59.783    0.446  ] 
[ 1.04756 27.       4.348   59.783    0.446  ] 
[ 1.05256 27.       4.348   59.783    0.446  ] 
[ 1.05756 27.       4.348   59.783    0.446  ] 
[ 1.06256 27.       4.348   59.783    0.446  ] 
[ 1.06756 27.       4.348   59.783    0.446  ] 
[ 1.07256 27.       4.348   59.783    0.446  ] 
[ 1.07756 27.       4.348   59.783    0.446  ] 
[ 1.08256 27.       4.348   59.783    0.446  ] 
[ 1.08756 27.       4.348   59.783    0.446  ] 
[ 1.09256 27.       4.348   59.783    0.446  ] 
[ 1.09756 27.       4.348   59.783    0.446  ] 
[ 1.10256 27.       4.348   59.783    0.446  ] 
[ 1.10756 27.       4.348   59.783    0.446  ] 
[ 1.11256 27.       4.348   59.783    0.446  ] 
[ 1.11756 27.       4.348   59.783    0.446  ] 
[ 1.12256 27.       4.348   59.783    0.446  ] 
[ 0.82256 33.       2.899   61.413    0.478  ] 
[ 0.82756 33.       2.899   61.413    0.478  ] 
[ 0.83256 33.       2.899   61.413    0.478  ] 
[ 0.83756 33.       2.899   61.413    0.478  ] 
[ 0.84256 33.       2.899   61.413    0.478  ] 
[ 0.84756 33.       2.899   61.413    0.478  ] 
[ 0.85256 33.       2.899   61.413    0.478  ] 
[ 0.85756 33.       2.899   61.413    0.478  ] 
[ 0.86256 33.       2.899   61.413    0.478  ] 
[ 0.86756 33.       2.899   61.413    0.478  ] 
[ 0.87256 33.       2.899   61.413    0.478  ] 
[ 0.87756 29.       2.899   60.87     0.454  ] 
[ 0.88256 29.       2.899   60.87     0.454  ] 
[ 0.88756 29.       2.899   60.87     0.454  ] 
[ 0.89256 29.       2.899   60.87     0.454  ] 
[ 0.89756 29.       2.899   60.87     0.454  ] 
[ 0.90256 22.       2.899   59.783    0.42   ] 
[ 0.90756 22.       2.899   59.783    0.42   ] 
[ 0.91256 22.       2.899   59.783    0.42   ] 
[ 0.91756 22.       2.899   59.783    0.42   ] 
[ 0.92256 22.       2.899   59.783    0.42   ] 
[ 0.92756 22.       2.899   59.783    0.42   ] 
[ 0.93256 22.       2.899   59.783    0.42   ] 
[ 0.93756 22.       2.899   59.783    0.42   ] 
[ 0.94256 22.       2.899   59.783    0.42   ] 
[ 0.94756 22.       2.899   59.783    0.42   ] 
[ 0.95256 20.       2.899   59.239    0.407  ] 
[ 0.95756 20.       2.899   59.239    0.407  ] 
[ 0.96256 20.       2.899   59.239    0.407  ] 
[ 0.96756 20.       2.899   59.239    0.407  ] 
[ 0.97256 20.       2.899   59.239    0.407  ] 
[ 0.97756 20.       2.899   59.239    0.407  ] 
[ 0.98256 20.       2.899   59.239    0.407  ] 
[ 0.98756 20.       2.899   59.239    0.407  ] 
[ 0.99256 20.       2.899   59.239    0.407  ] 
[ 0.99756 20.       2.899   59.239    0.407  ] 
[ 0.74256 25.       1.449   61.413    0.436  ] 
[ 0.74756 25.       1.449   61.413    0.436  ] 
[ 0.75256 25.       1.449   61.413    0.436  ] 
[ 0.75756 25.       1.449   61.413    0.436  ] 
[ 0.76256 25.       1.449   61.413    0.436  ] 
[ 0.76756 25.       1.449   61.413    0.436  ] 
[ 0.77256 25.       1.449   61.413    0.436  ] 
[ 0.77756 25.       1.449   61.413    0.436  ] 
[ 0.78256 25.       1.449   61.413    0.436  ] 
[ 0.78756 25.       1.449   61.413    0.436  ] 
[ 0.79256 25.       1.449   61.413    0.436  ] 
[ 0.79756 25.       1.449   61.413    0.436  ] 
[ 0.80256 25.       1.449   61.413    0.436  ] 
[ 0.80756 25.       1.449   61.413    0.436  ] 
[ 0.81256 25.       1.449   61.413    0.436  ] 
[ 0.81756 25.       1.449   61.413    0.436  ] 
[ 0.31256  0.       0.      61.957    0.311  ] 
[ 0.31756  0.       0.      61.957    0.311  ] 
[ 0.32256  0.       0.      61.957    0.311  ] 
[ 0.32756  0.       0.      61.957    0.311  ] 
[ 0.33256  0.       0.      61.957    0.311  ] 
[ 0.33756  0.       0.      61.957    0.311  ] 
[ 0.34256  0.       0.      61.957    0.311  ] 
[ 0.34756  0.       0.      61.957    0.311  ] 
[ 0.35256  0.       0.      61.957    0.311  ] 
[ 0.35756  0.       0.      61.957    0.311  ] 
[ 0.36256  0.       0.      61.957    0.311  ] 
[ 0.36756  0.       0.      61.957    0.311  ] 
[ 0.37256  0.       0.      61.957    0.311  ] 
[ 0.37756  0.       0.      61.957    0.311  ] 
[ 0.38256  0.       0.      61.957    0.311  ] 
[ 0.38756  0.       0.      61.957    0.311  ] 
[ 0.39256  0.       0.      61.957    0.311  ] 
[ 0.39756  0.       0.      61.957    0.311  ] 
[ 0.40256  0.       0.      61.957    0.311  ] 
[ 0.40756  0.       0.      61.957    0.311  ] 
[ 0.41256  0.       0.      61.957    0.311  ] 
[ 0.41756  0.       0.      61.957    0.311  ] 
[ 0.42256  0.       0.      61.957    0.311  ] 
[ 0.42756  0.       0.      61.957    0.311  ] 
[ 0.43256  0.       0.      61.957    0.311  ] 
[ 0.43756  0.       0.      61.957    0.311  ] 
[ 0.44256  0.       0.      61.957    0.311  ] 
[ 0.44756  0.       0.      61.957    0.311  ] 
[ 0.45256  0.       0.      61.957    0.311  ] 
[ 0.45756  0.       0.      61.957    0.311  ] 
[ 0.46256  0.       0.      61.957    0.311  ] 
[ 0.46756  0.       0.      61.957    0.311  ] 
[ 0.47256  0.       0.      61.957    0.311  ] 
[ 0.47756  0.       0.      61.957    0.311  ] 
[ 0.48256  0.       0.      61.957    0.311  ] 
[ 0.48756  0.       0.      61.957    0.311  ] 
[ 0.49256  0.       0.      61.957    0.311  ] 
[ 0.49756  0.       0.      61.957    0.311  ] 
[ 0.50256  0.       0.      61.957    0.311  ] 
[ 0.50756  0.       0.      61.957    0.311  ] 
[ 0.51256  0.       0.      61.957    0.311  ] 
[ 0.51756  0.       0.      61.957    0.311  ] 
[ 0.52256  0.       0.      61.957    0.311  ] 
[ 0.52756  0.       0.      61.957    0.311  ] 
[ 0.53256  0.       0.      61.957    0.311  ] 
[ 0.53756  0.       0.      61.957    0.311  ] 
[ 0.54256  0.       0.      61.957    0.311  ] 
[ 0.54756  0.       0.      61.957    0.311  ] 
[ 0.55256  0.       0.      61.957    0.311  ] 
[ 0.55756  0.       0.      61.957    0.311  ] 
[ 0.56256  0.       0.      61.957    0.311  ] 
[ 0.56756  0.       0.      61.957    0.311  ] 
[ 0.57256  0.       0.      61.957    0.311  ] 
[ 0.57756  0.       0.      61.957    0.311  ] 
[ 0.58256  0.       0.      61.957    0.311  ] 
[ 0.58756  0.       0.      61.957    0.311  ] 
[ 0.59256  0.       0.      61.413    0.31   ] 
[ 0.59756  0.       0.      61.413    0.31   ] 
[ 0.60256  0.       0.      61.413    0.31   ] 
[ 0.60756  0.       0.      61.413    0.31   ] 
[ 0.61256  0.       0.      61.413    0.31   ] 
[ 0.61756  0.       0.      61.413    0.31   ] 
[ 0.62256  0.       0.      61.413    0.31   ] 
[ 0.62756  0.       0.      61.413    0.31   ] 
[ 0.63256  0.       0.      61.413    0.31   ] 
[ 0.63756  0.       0.      61.413    0.31   ] 
[ 0.64256  0.       0.      61.413    0.31   ] 
[ 0.64756  0.       0.      61.413    0.31   ] 
[ 0.65256  0.       0.      61.413    0.31   ] 
[ 0.65756  0.       0.      60.87     0.309  ] 
[ 0.66256  0.       0.      60.87     0.309  ] 
[ 0.66756  0.       0.      60.87     0.309  ] 
[ 0.67256  0.       0.      60.87     0.309  ] 
[ 0.67756  0.       0.      60.87     0.309  ] 
[ 0.68256  0.       0.      60.87     0.309  ] 
[ 0.68756  0.       0.      60.87     0.309  ] 
[ 0.69256  0.       0.      60.87     0.309  ] 
[ 0.69756  0.       0.      60.87     0.309  ] 
[ 0.70256  0.       0.      60.87     0.309  ] 
[ 0.70756  0.       0.      60.87     0.309  ] 
[ 0.71256  0.       0.      60.87     0.309  ] 
[ 0.71756  0.       0.      60.87     0.309  ] 
[ 0.72256  0.       0.      60.87     0.309  ] 
[ 0.72756  0.       0.      60.87     0.309  ] 
[ 0.73256  0.       0.      60.87     0.309  ] 
[ 0.73756  0.       0.      60.87     0.309  ] 
