[threshold prec recall accuracy auc] 
[0.16334, 100, 0.018, 55.117, 0.776] 
[0.21334, 100, 0.018, 55.117, 0.776] 
[0.26334, 100, 0.018, 55.117, 0.776] 
[0.31334, 100, 0.018, 55.117, 0.776] 
[0.36334, 100, 0.018, 55.117, 0.776] 
[0.41334, 100, 0.018, 55.117, 0.776] 
[0.46334, 100, 0.018, 55.117, 0.776] 
[0.51334, 100, 0.018, 55.117, 0.776] 
[0.56334, 100, 0.018, 55.117, 0.776] 
[0.61334, 100, 0.018, 55.117, 0.776] 
[0.66334, 100, 0.018, 55.117, 0.776] 
[0.71334, 100, 0.018, 55.117, 0.776] 
[0.76334, 100, 0.018, 55.117, 0.776] 
[0.81334, 100, 0.018, 55.117, 0.776] 
[0.86334, 100, 0.018, 55.117, 0.776] 
[0.91334, 100, 0.018, 55.117, 0.776] 
[0.96334, 100, 0.018, 55.117, 0.776] 
[1.01334, 100, 0.018, 55.117, 0.776] 
[1.06334, 100, 0.018, 55.117, 0.776] 
[1.11334, 100, 0.018, 55.117, 0.776] 
[1.16334, 100, 0.018, 55.117, 0.776] 
[1.21334, 100, 0.018, 55.117, 0.776] 
[1.26334, 100, 0.018, 55.117, 0.776] 
[1.31334, 100, 0.018, 55.117, 0.776] 
[1.36334, 100, 0.018, 55.117, 0.776] 
[1.41334, 100, 0.018, 55.117, 0.776] 
[1.46334, 100, 0.018, 55.117, 0.776] 
[1.51334, 100, 0.018, 55.117, 0.776] 
[1.56334, 100, 0.037, 55.125, 0.776] 
[1.61334, 100, 0.037, 55.125, 0.776] 
[1.66334, 100, 0.037, 55.125, 0.776] 
[1.71334, 100, 0.055, 55.133, 0.776] 
[1.76334, 100, 0.055, 55.133, 0.776] 
[1.81334, 100, 0.055, 55.133, 0.776] 
[1.86334, 100, 0.055, 55.133, 0.776] 
[1.91334, 100, 0.055, 55.133, 0.776] 
[1.96334, 100, 0.055, 55.133, 0.776] 
[2.01334, 75, 0.055, 55.125, 0.651] 
[2.06334, 75, 0.055, 55.125, 0.651] 
[2.11334, 75, 0.055, 55.125, 0.651] 
[2.16334, 75, 0.055, 55.125, 0.651] 
[2.21334, 75, 0.055, 55.125, 0.651] 
[2.26334, 83, 0.091, 55.142, 0.692] 
[2.31334, 86, 0.11, 55.15, 0.704] 
[2.36334, 86, 0.11, 55.15, 0.704] 
[2.41334, 86, 0.11, 55.15, 0.704] 
[2.46334, 86, 0.11, 55.15, 0.704] 
[2.51334, 88, 0.128, 55.158, 0.713] 
[2.56334, 88, 0.128, 55.158, 0.713] 
[2.61334, 88, 0.128, 55.158, 0.713] 
[2.66334, 88, 0.128, 55.158, 0.713] 
[2.71334, 88, 0.128, 55.158, 0.713] 
[2.76334, 88, 0.128, 55.158, 0.713] 
[2.81334, 89, 0.146, 55.166, 0.72] 
[2.86334, 82, 0.165, 55.166, 0.685] 
[2.91334, 83, 0.183, 55.174, 0.692] 
[2.96334, 83, 0.183, 55.174, 0.692] 
[3.01334, 83, 0.183, 55.174, 0.692] 
[3.06334, 83, 0.183, 55.174, 0.692] 
[3.11334, 83, 0.183, 55.174, 0.692] 
[3.16334, 83, 0.183, 55.174, 0.692] 
[3.21334, 83, 0.183, 55.174, 0.692] 
[3.26334, 83, 0.183, 55.174, 0.692] 
[3.31334, 86, 0.219, 55.191, 0.704] 
[3.36334, 86, 0.219, 55.191, 0.704] 
[3.41334, 86, 0.219, 55.191, 0.704] 
[3.46334, 86, 0.219, 55.191, 0.704] 
[3.51334, 86, 0.219, 55.191, 0.704] 
[3.56334, 86, 0.219, 55.191, 0.704] 
[3.61334, 87, 0.238, 55.199, 0.709] 
[3.66334, 88, 0.256, 55.207, 0.713] 
[3.71334, 88, 0.256, 55.207, 0.713] 
[3.76334, 88, 0.274, 55.215, 0.717] 
[3.81334, 88, 0.274, 55.215, 0.717] 
[3.86334, 89, 0.293, 55.224, 0.72] 
[3.91334, 89, 0.293, 55.224, 0.72] 
[3.96334, 86, 0.347, 55.24, 0.708] 
[4.01334, 87, 0.366, 55.248, 0.711] 
[4.06334, 83, 0.366, 55.24, 0.693] 
[4.11334, 83, 0.366, 55.24, 0.693] 
[4.16334, 83, 0.366, 55.24, 0.693] 
[4.21334, 84, 0.384, 55.248, 0.696] 
[4.26334, 84, 0.384, 55.248, 0.696] 
[4.31334, 85, 0.42, 55.265, 0.702] 
[4.36334, 85, 0.42, 55.265, 0.702] 
[4.41334, 85, 0.42, 55.265, 0.702] 
[4.46334, 85, 0.42, 55.265, 0.702] 
[4.51334, 85, 0.42, 55.265, 0.702] 
[4.56334, 86, 0.457, 55.281, 0.707] 
[4.61334, 86, 0.457, 55.281, 0.707] 
[4.66334, 86, 0.457, 55.281, 0.707] 
[4.71334, 86, 0.457, 55.281, 0.707] 
[4.76334, 86, 0.457, 55.281, 0.707] 
[4.81334, 86, 0.457, 55.281, 0.707] 
[4.86334, 86, 0.457, 55.281, 0.707] 
[4.91334, 86, 0.457, 55.281, 0.707] 
[4.96334, 87, 0.475, 55.289, 0.709] 
[5.01334, 87, 0.475, 55.289, 0.709] 
[5.06334, 87, 0.494, 55.297, 0.712] 
[5.11334, 87, 0.494, 55.297, 0.712] 
[5.16334, 88, 0.512, 55.306, 0.714] 
[5.21334, 88, 0.53, 55.314, 0.716] 
[5.26334, 85, 0.53, 55.306, 0.703] 
[5.31334, 85, 0.53, 55.306, 0.703] 
[5.36334, 85, 0.53, 55.306, 0.703] 
[5.41334, 86, 0.548, 55.314, 0.705] 
[5.46334, 86, 0.548, 55.314, 0.705] 
[5.51334, 86, 0.548, 55.314, 0.705] 
[5.56334, 86, 0.585, 55.33, 0.709] 
[5.61334, 87, 0.603, 55.339, 0.71] 
[5.66334, 87, 0.603, 55.339, 0.71] 
[5.71334, 87, 0.603, 55.339, 0.71] 
[5.76334, 87, 0.622, 55.347, 0.712] 
[5.81334, 88, 0.64, 55.355, 0.714] 
[5.86334, 88, 0.658, 55.363, 0.715] 
[5.91334, 88, 0.658, 55.363, 0.715] 
[5.96334, 88, 0.658, 55.363, 0.715] 
[6.01334, 88, 0.676, 55.371, 0.717] 
[6.06334, 88, 0.676, 55.371, 0.717] 
[6.11334, 89, 0.713, 55.388, 0.72] 
[6.16334, 89, 0.713, 55.388, 0.72] 
[6.21334, 89, 0.731, 55.396, 0.721] 
[6.26334, 89, 0.731, 55.396, 0.721] 
[6.31334, 89, 0.731, 55.396, 0.721] 
[6.36334, 89, 0.731, 55.396, 0.721] 
[6.41334, 89, 0.75, 55.404, 0.722] 
[6.46334, 90, 0.786, 55.421, 0.724] 
[6.51334, 90, 0.804, 55.429, 0.725] 
[6.56334, 90, 0.823, 55.437, 0.726] 
[6.61334, 90, 0.823, 55.437, 0.726] 
[6.66334, 90, 0.823, 55.437, 0.726] 
[6.71334, 90, 0.841, 55.445, 0.727] 
[6.76334, 90, 0.859, 55.453, 0.728] 
[6.81334, 90, 0.859, 55.453, 0.728] 
[6.86334, 90, 0.859, 55.453, 0.728] 
[6.91334, 91, 0.878, 55.462, 0.729] 
[6.96334, 91, 0.878, 55.462, 0.729] 
[7.01334, 91, 0.878, 55.462, 0.729] 
[7.06334, 89, 0.878, 55.453, 0.721] 
[7.11334, 87, 0.878, 55.445, 0.713] 
[7.16334, 86, 0.878, 55.437, 0.705] 
[7.21334, 86, 0.896, 55.445, 0.706] 
[7.26334, 86, 0.896, 55.445, 0.706] 
[7.31334, 86, 0.914, 55.453, 0.708] 
[7.36334, 86, 0.932, 55.462, 0.709] 
[7.41334, 87, 0.951, 55.47, 0.71] 
[7.46334, 87, 0.951, 55.47, 0.71] 
[7.51334, 87, 1.005, 55.494, 0.713] 
[7.56334, 88, 1.024, 55.503, 0.714] 
[7.61334, 87, 1.06, 55.511, 0.71] 
[7.66334, 87, 1.06, 55.511, 0.71] 
[7.71334, 85, 1.06, 55.503, 0.703] 
[7.76334, 86, 1.079, 55.511, 0.704] 
[7.81334, 85, 1.133, 55.527, 0.701] 
[7.86334, 85, 1.152, 55.535, 0.702] 
[7.91334, 85, 1.17, 55.544, 0.703] 
[7.96334, 86, 1.207, 55.56, 0.705] 
[8.01334, 84, 1.243, 55.56, 0.697] 
[8.06334, 85, 1.298, 55.585, 0.7] 
[8.11334, 85, 1.298, 55.585, 0.7] 
[8.16334, 84, 1.335, 55.593, 0.696] 
[8.21334, 84, 1.353, 55.601, 0.697] 
[8.26334, 84, 1.389, 55.618, 0.699] 
[8.31334, 85, 1.426, 55.634, 0.701] 
[8.36334, 83, 1.444, 55.626, 0.693] 
[8.41334, 83, 1.463, 55.634, 0.694] 
[8.46334, 84, 1.481, 55.642, 0.695] 
[8.51334, 84, 1.499, 55.65, 0.695] 
[8.56334, 84, 1.554, 55.675, 0.698] 
[8.61334, 85, 1.627, 55.708, 0.701] 
[8.66334, 85, 1.664, 55.724, 0.703] 
[8.71334, 85, 1.718, 55.741, 0.701] 
[8.76334, 84, 1.737, 55.741, 0.698] 
[8.81334, 85, 1.938, 55.831, 0.705] 
[8.86334, 86, 1.956, 55.839, 0.706] 
[8.91334, 86, 1.974, 55.847, 0.706] 
[8.96334, 86, 1.993, 55.856, 0.707] 
[9.01334, 84, 2.011, 55.839, 0.698] 
[9.06334, 84, 2.048, 55.847, 0.696] 
[9.11334, 82, 2.121, 55.856, 0.689] 
[9.16334, 83, 2.157, 55.872, 0.69] 
[9.21334, 83, 2.267, 55.913, 0.691] 
[9.26334, 83, 2.377, 55.962, 0.695] 
[9.31334, 82, 2.395, 55.954, 0.69] 
[9.36334, 82, 2.523, 55.995, 0.689] 
[9.41334, 82, 2.578, 56.011, 0.688] 
[9.46334, 83, 2.962, 56.167, 0.694] 
[9.51334, 82, 3.144, 56.217, 0.69] 
[9.56334, 50, 27.879, 54.912, 0.532] 
[9.61334, 47, 29.817, 53.467, 0.516] 
[9.66334, 45, 31.609, 52.179, 0.503] 
[9.71334, 45, 31.828, 52.162, 0.503] 
[9.76334, 49, 38.921, 54.608, 0.534] 
[9.81334, 50, 40.768, 54.92, 0.538] 
[9.86334, 50, 41.517, 54.895, 0.539] 
[9.91334, 48, 43.199, 53.558, 0.527] 
[9.96334, 48, 45.046, 53.057, 0.523] 
[10.01334, 48, 47.422, 52.991, 0.525] 
[10.06334, 47, 48.428, 52.614, 0.522] 
[10.11334, 46, 51.956, 51.194, 0.513] 
[10.16334, 46, 54.333, 50.414, 0.508] 
[10.21334, 46, 56.563, 50.472, 0.51] 
[10.26334, 45, 57.185, 49.594, 0.503] 
[10.31334, 43, 57.697, 47.173, 0.481] 
[10.36334, 46, 65.338, 50.078, 0.516] 
[10.41334, 46, 65.686, 49.733, 0.513] 
[10.46334, 45, 67.331, 48.067, 0.498] 
[10.51334, 46, 72.669, 49.052, 0.515] 
[10.56334, 46, 73.839, 49.389, 0.52] 
[10.61334, 46, 74.662, 48.945, 0.517] 
[10.66334, 45, 75.777, 46.91, 0.494] 
[10.71334, 45, 78.007, 47.32, 0.502] 
[10.76334, 45, 84.589, 47.444, 0.516] 
[10.81334, 46, 85.265, 47.558, 0.52] 
[10.86334, 45, 86.362, 47.419, 0.52] 
[10.91334, 44, 87.971, 45.096, 0.477] 
[10.96334, 45, 90.439, 45.72, 0.496] 
[11.01334, 46, 95.923, 47.936, 0.594] 
[11.06334, 46, 97.185, 48.207, 0.624] 
[11.11334, 46, 97.495, 47.476, 0.614] 
[11.16334, 46, 97.733, 47.312, 0.615] 
[11.21334, 46, 97.934, 47.403, 0.624] 
[11.26334, 46, 98.154, 47.378, 0.63] 
[11.31334, 46, 98.282, 47.353, 0.633] 
[11.36334, 45, 98.537, 44.924, 0.48] 
[11.41334, 45, 99.013, 45.096, 0.522] 
[11.46334, 45, 99.269, 45.146, 0.545] 
[11.51334, 45, 99.415, 45.187, 0.565] 
[11.56334, 45, 99.561, 45.137, 0.571] 
[11.61334, 45, 99.616, 44.858, 0.448] 
[11.66334, 45, 99.689, 44.891, 0.474] 
[11.71334, 45, 99.707, 44.899, 0.482] 
[11.76334, 45, 99.744, 44.916, 0.499] 
[11.81334, 45, 99.781, 44.826, 0.349] 
[11.86334, 45, 99.781, 44.826, 0.349] 
[11.91334, 45, 99.817, 44.842, 0.367] 
[11.96334, 45, 99.817, 44.809, 0.224] 
[12.01334, 45, 99.872, 44.834, 0.224] 
[12.06334, 45, 99.909, 44.85, 0.224] 
[12.11334, 45, 99.909, 44.85, 0.224] 
[12.16334, 45, 99.927, 44.858, 0.224] 
[12.21334, 45, 99.982, 44.883, 0.224] 
[12.26334, 45, 99.982, 44.883, 0.224] 
[12.31334, 45, 99.982, 44.883, 0.224] 
[12.36334, 45, 99.982, 44.883, 0.224] 
[12.41334, 45, 99.982, 44.883, 0.224] 
