Random Cluster Center
(1, 40)
(1, 40)
(1, 40)
(1, 40)
(1, 40)
[(23.297893871258626, 'T_1', 72.60568120475332), (22.562454438196422, 'T_2', 79.12840578766004), (13.204730435489322, 'T_3', 69.53307653330124), (12.491194787792052, 'T_4', 92.19877295753527), (8.03423546396527, 'T_6', 230.39964018864404), (4.432544270449064, 'T_9', 79.82138515007807)]
(1, 40)
(1, 40)
(1, 40)
(1, 40)
(1, 40)
[(25.730413425681704, 'T_1', 114.4135658575828), (24.50497677802528, 'T_2', 233.03732639162712), (14.167259464264763, 'T_3', 258.2925695254383), (13.043502697366378, 'T_4', 100.14548945896833), (8.03423546396527, 'T_6', 316.2348155285789), (4.432544270449064, 'T_9', 164.71583332510906)]
(1, 40)
(1, 40)
(1, 40)
(1, 40)
(1, 40)
[(27.69041875816184, 'T_1', 285.70932693939375), (26.447508473040788, 'T_2', 567.0771923116595), (16.582315857464252, 'T_3', 542.3586059968711), (15.640916735933732, 'T_4', 176.45403301322617), (9.133893591446066, 'T_6', 202.84454020589376), (5.397566416090158, 'T_9', 253.14618383317207)]
(1, 40)
(1, 40)
(1, 40)
(1, 40)
(1, 40)
[(30.11295088427733, 'T_1', 210.60851224942917), (28.407513805520924, 'T_2', 492.3743074142244), (18.534826999157964, 'T_3', 523.208772595719), (16.743058642820536, 'T_4', 229.71183136821838), (11.083908250650587, 'T_6', 275.4342034268835), (6.8675704154502615, 'T_9', 331.05010678814875)]
(1, 40)
(1, 40)
(1, 40)
(1, 40)
(1, 40)
[(32.51804788671465, 'T_1', 38.28286640701172), (30.3250981136091, 'T_2', 36.36383318741097), (19.514829665398032, 'T_3', 112.47389907278985), (17.773037663639478, 'T_4', 114.63823857219468), (12.076409562937496, 'T_6', 68.5289784643278), (7.845091207138196, 'T_9', 38.3752060849228)]
(1, 40)
(1, 40)
(1, 40)
(1, 40)
(1, 40)
[(33.96307370478407, 'T_1', 84.58492896790902), (31.292614621937336, 'T_2', 41.43151651286679), (19.514829665398032, 'T_3', 138.45535594684523), (17.773037663639478, 'T_4', 103.33524772657456), (12.076409562937496, 'T_6', 90.7187940278677), (7.845091207138196, 'T_9', 43.088651959748404)]
(1, 40)
(1, 40)
(1, 40)
(1, 40)
(1, 40)
[(35.42808086940473, 'T_1', 197.13732761801901), (33.2376394338185, 'T_2', 84.81406430175777), (20.479851811039126, 'T_3', 278.62210999440254), (18.780531854425902, 'T_4', 71.4807644628015), (13.056412229177564, 'T_6', 84.81406430175777), (7.845091207138196, 'T_9', 105.61370004303906)]
(1, 40)
(1, 40)
(1, 40)
(1, 40)
(1, 40)
[(35.91308536778532, 'T_1', 24.768323526050516), (33.71765009366292, 'T_2', 17.648049710896988), (20.96985314415916, 'T_3', 76.3943794253107), (20.30799717658623, 'T_4', 17.648049710896988), (13.546413562297598, 'T_6', 96.49370752693882), (7.845091207138196, 'T_9', 26.393900903273014)]
(1, 40)
(1, 40)
(1, 40)
(1, 40)
(1, 40)
[(38.33062552677539, 'T_1', 44.94649181249591), (33.71765009366292, 'T_2', 47.10678526759035), (20.96985314415916, 'T_3', 62.27107123343833), (20.84045148297355, 'T_4', 96.43683685081923), (14.526416228537666, 'T_6', 93.62314968727316), (7.845091207138196, 'T_9', 42.13826236478194)]
(1, 40)
(1, 40)
(1, 40)
(1, 40)
(1, 40)
[(39.80814070198359, 'T_1', 189.8378943727765), (35.24996066947731, 'T_2', 358.3522930170293), (21.53939936809839, 'T_3', 321.2812989720523), (20.84045148297355, 'T_4', 113.97579497919705), (16.06847092793054, 'T_6', 286.0529775243758), (7.845091207138196, 'T_9', 100.60894844066979)]
(1, 40)
(1, 40)
(1, 40)
(1, 40)
(1, 40)
[(42.22072301936619, 'T_1', 93.19423569428375), (35.24996066947731, 'T_2', 308.4855019886838), (22.51440457512997, 'T_3', 110.55220495239526), (21.860398926512353, 'T_4', 113.37698834267111), (16.06847092793054, 'T_6', 263.91045084245167), (7.845091207138196, 'T_9', 103.0180417736556)]
(1, 40)
(1, 40)
(1, 40)
(1, 40)
(1, 40)
[(42.710724352486224, 'T_1', 40.74687835119277), (37.19747947335824, 'T_2', 68.49971374638578), (22.51440457512997, 'T_3', 52.474634788917655), (22.350400259632387, 'T_4', 41.19566634478176), (16.06847092793054, 'T_6', 202.24978246825057), (7.845091207138196, 'T_9', 85.87883258449331)]
(1, 40)
(1, 40)
(1, 40)
(1, 40)
(1, 40)
[(42.710724352486224, 'T_1', 39.17249053932838), (39.70742412669772, 'T_2', 67.05639523385085), (22.51440457512997, 'T_3', 50.491040012528416), (22.350400259632387, 'T_4', 39.653391031804944), (16.06847092793054, 'T_6', 202.40501013273476), (7.845091207138196, 'T_9', 97.75363396623135)]
(1, 40)
(1, 40)
(1, 40)
(1, 40)
