Random Cluster Center
(1, 40)
(1, 40)
(1, 40)
(1, 40)
(1, 40)
[(1.9910928211562458, 'T_2', 64.36387785299776), (1.5612947755900293, 'T_1', 82.08216484068514)]
(1, 40)
(1, 40)
(1, 40)
(1, 40)
(1, 40)
[(3.0137525940787993, 'T_2', 30.57607845174561), (1.6499634388447626, 'T_1', 66.45410656166494), (0.8544576710630347, 'T_3', 35.987743834056126)]
(1, 40)
(1, 40)
(1, 40)
(1, 40)
(1, 40)
[(4.310320576426204, 'T_2', 52.321434535661275), (2.022815672531567, 'T_1', 60.963452476721635), (0.8544576710630347, 'T_3', 120.41730186065644), (0.6704011598088686, 'T_9', 56.03797343282124), (0.27888482197713693, 'T_4', 82.12683798256718)]
(1, 40)
(1, 40)
(1, 40)
(1, 40)
(1, 40)
[(5.305387560345982, 'T_2', 45.36407845936665), (2.022815672531567, 'T_1', 73.51653350063403), (0.9736605930851523, 'T_3', 54.17931368388137), (0.6704011598088686, 'T_9', 79.57328929832073), (0.27888482197713693, 'T_4', 54.82986391177877)]
(1, 40)
(1, 40)
(1, 40)
(1, 40)
(1, 40)
[(5.60064186234789, 'T_2', 50.22381449944245), (2.717839790457494, 'T_1', 45.79644992345645), (1.5271591587099111, 'T_4', 65.92045447123263), (1.2141496761360413, 'T_3', 66.01748435616918), (0.6704011598088686, 'T_9', 89.06502525728418)]
(1, 40)
(1, 40)
(1, 40)
(1, 40)
(1, 40)
[(5.60064186234789, 'T_2', 69.46428588638823), (3.224646695594687, 'T_4', 62.56872848208876), (2.90026531426385, 'T_1', 67.14127685127322), (2.0609183895611913, 'T_3', 49.472929019152815), (0.7330201492388575, 'T_6', 55.56799820999521), (0.6704011598088686, 'T_9', 59.0104835188817)]
(1, 40)
(1, 40)
(1, 40)
(1, 40)
(1, 40)
[(7.022297751919002, 'T_2', 60.00318536899085), (4.033680917142769, 'T_4', 44.904123100952624), (3.8643494683810884, 'T_1', 95.69358483713572), (2.3624531735586527, 'T_3', 44.904123100952624), (0.9719359438063299, 'T_9', 44.904123100952624), (0.7330201492388575, 'T_6', 67.80757337810115)]
(1, 40)
(1, 40)
(1, 40)
(1, 40)
(1, 40)
[(7.6211718815717315, 'T_2', 65.82184129904304), (5.625046512223604, 'T_4', 71.41142542133912), (3.8643494683810884, 'T_1', 100.62066781907009), (2.3624531735586527, 'T_3', 46.63531727637208), (2.2753252277364737, 'T_6', 67.18177987592163), (0.9719359438063299, 'T_9', 46.63531727637208)]
(1, 40)
(1, 40)
(1, 40)
(1, 40)
(1, 40)
[(8.800043052057447, 'T_2', 55.66913282894628), (5.625046512223604, 'T_4', 64.60530651883278), (4.054351034396402, 'T_1', 74.81907743203676), (2.8405232323352307, 'T_3', 42.613904538639936), (2.2753252277364737, 'T_6', 60.02265206657474), (1.9609490011757367, 'T_9', 108.45888392003106)]
(1, 40)
(1, 40)
(1, 40)
(1, 40)
(1, 40)
[(10.059288064212874, 'T_2', 80.76153314162725), (5.625046512223604, 'T_4', 96.880553380224), (4.544294795179943, 'T_3', 68.00993731016891), (4.054351034396402, 'T_1', 100.79347380660013), (2.2753252277364737, 'T_6', 93.699025756374), (1.9609490011757367, 'T_9', 129.7933345279248)]
(1, 40)
(1, 40)
(1, 40)
(1, 40)
(1, 40)
[(11.512531547104421, 'T_2', 35.41767457727653), (5.625046512223604, 'T_4', 59.50843613894031), (4.845829579177404, 'T_3', 47.63479282679082), (4.355885818393863, 'T_1', 76.63268588098686), (2.576860011733935, 'T_6', 47.63479282679082), (1.9609490011757367, 'T_9', 108.35404496064336)]
(1, 40)
(1, 40)
(1, 40)
(1, 40)
(1, 40)
[(12.698503310749635, 'T_2', 58.878212819956964), (5.625046512223604, 'T_4', 75.88415676165653), (5.147364363174865, 'T_3', 64.53022137926317), (4.851777985617276, 'T_1', 82.19565075854536), (3.575234003707257, 'T_6', 126.76113062247444), (1.9609490011757367, 'T_9', 121.45028770981261)]
(1, 40)
(1, 40)
(1, 40)
(1, 40)
(1, 40)
[(13.594725254275032, 'T_2', 31.244397205574803), (5.937797172855782, 'T_1', 93.09571339401442), (5.750433931169787, 'T_3', 72.48803702578556), (5.625046512223604, 'T_4', 70.68624829901776), (3.575234003707257, 'T_6', 159.40892649060962), (1.9609490011757367, 'T_9', 105.3770544921728)]
(1, 40)
(1, 40)
(1, 40)
(1, 40)
(1, 40)
[(14.17697939352466, 'T_2', 48.84695405954633), (7.149581402956279, 'T_1', 181.38263477373752), (5.750433931169787, 'T_3', 86.96478592254965), (5.625046512223604, 'T_4', 76.42376891910821), (4.574028919473478, 'T_6', 142.6909671716289), (2.9603068214751507, 'T_9', 258.17642104914466)]
(1, 40)
(1, 40)
(1, 40)
(1, 40)
(1, 40)
[(14.47851417752212, 'T_2', 64.19400506892549), (8.369189550528192, 'T_4', 53.010497130559294), (8.14398489373169, 'T_1', 107.66272955231042), (5.750433931169787, 'T_3', 80.24712619501427), (5.349592933742551, 'T_6', 53.010497130559294), (2.9603068214751507, 'T_9', 253.26099153529702)]
(1, 40)
(1, 40)
(1, 40)
(1, 40)
(1, 40)
[(16.88773764377876, 'T_2', 60.43806155468057), (8.535725862985174, 'T_1', 85.63584468547661), (8.369189550528192, 'T_4', 56.63361009507392), (5.750433931169787, 'T_3', 80.94485615081307), (5.349592933742551, 'T_6', 56.63361009507392), (2.9603068214751507, 'T_9', 249.13863355864402)]
(1, 40)
(1, 40)
(1, 40)
(1, 40)
(1, 40)
[(16.88773764377876, 'T_2', 69.95974277756773), (8.949108284067844, 'T_1', 99.94794650342233), (8.690652681167212, 'T_3', 110.05885481228049), (8.369189550528192, 'T_4', 76.46942990608873), (6.349468299185023, 'T_6', 329.88019526815634), (2.9603068214751507, 'T_9', 255.8924415534091)]
(1, 40)
(1, 40)
(1, 40)
(1, 40)
(1, 40)
[(18.062479710449875, 'T_2', 59.34656920127006), (10.211907795563825, 'T_1', 90.59461411917367), (9.285251118630635, 'T_4', 66.65341775214159), (8.690652681167212, 'T_3', 106.38799794690502), (6.856967736735644, 'T_6', 45.94024529355748), (2.9603068214751507, 'T_9', 248.0813866010232)]
(1, 40)
(1, 40)
(1, 40)
(1, 40)
(1, 40)
[(19.326717597926578, 'T_2', 63.95967119740712), (11.019384111640433, 'T_1', 60.94994577071425), (9.792750556181256, 'T_4', 50.13063058269896), (9.188152702000338, 'T_3', 64.46043080984657), (6.856967736735644, 'T_6', 50.13063058269896), (2.9603068214751507, 'T_9', 245.0574568794311)]
(1, 40)
(1, 40)
(1, 40)
(1, 40)
(1, 40)
[(20.153070950907573, 'T_2', 54.181692091862026), (11.312009664117662, 'T_3', 100.34915783807865), (11.019384111640433, 'T_1', 52.424027565848995), (10.300249993731876, 'T_4', 46.52841736132072), (6.856967736735644, 'T_6', 46.52841736132072), (2.9603068214751507, 'T_9', 252.50398185991367)]
